# Nodos
# label,Lat,Lon
torreTigo,14.573993513848198, -90.48159396635145
guatemala,14.6123, -90.5353
zona10,14.6186, -90.5249
zona12,14.5839, -90.4973
mixco,14.6228, -90.557
zona11,14.6365, -90.5111
sanLucas,14.6548, -90.5923
ciudadVieja,14.5648, -90.7392
antigua,14.5656, -90.7336
campusUMGAntigua,14.576024368980857, -90.73642566933039
villaNueva,14.526, -90.5875
amatitlan,14.4774, -90.6349
villaCanales,14.4816, -90.5315
santaCatarinaPinula,14.5725, -90.5005
carreteraElSalvador,14.566, -90.48
santaLuciaMilpasAltas,14.5761, -90.6769
sanBartolomeMilpasAltas,14.6053, -90.675
sanMiguelPetapa,14.5042, -90.5645
bocaDelMonte,14.5417, -90.5129
barcenas,14.521, -90.588

# Aristas
# from,to,[]
18,5,[1.26,8.66,2.64,2.91,8.18,4.06,8.92,7.31,3.49,1.09,9.53,1.77,7.48,5.4,7.82,7.22,6.81,5.42,8.14,1.84,2.99,7.23,3.76]
4,1,[6.23,5.26,5.78,4.83,7.71,3.98,7.33,3.44,3.26,2.09,2.73,2.08,5.82,7.86,2.67,2.95,5.36,7.52,9.79,5.72,3.55,1.9,2.75]
1,14,[3.05,2.61,1.13,5.81,3.47,9.77,5.98,7.28,2.14,8.82,5.42,8.85,6.17,5.22,4.96,2.66,1.46,9.47,5.3,8.4,4.61,1.67,6.67]
20,19,[1.48,2.34,6.07,3.73,9.95,2.07,7.88,6.46,8.12,3.03,5.7,5.05,4.98,8.74,9.91,3.75,6.59,6.49,7.66,9.53,2.87,2.9,6.94]
8,9,[2.41,2.56,1.68,1.02,5.05,6.34,3.62,3.08,7.36,7.33,5.09,7.19,9.32,8.09,6.63,6.95,9.4,4.83,5.9,6.83,9.18,8.44,1.64]
7,13,[2.49,3.77,7.74,6.12,3.6,2.12,7.2,7.3,9.48,5.5,5.44,1.72,1.36,4.89,3.9,3.25,1.82,9.66,8.52,6.18,9.56,10.0,7.05]
7,1,[3.43,1.36,7.81,5.23,6.86,9.24,2.63,6.27,6.71,5.43,1.82,4.13,4.0,7.03,8.72,3.97,7.24,3.59,9.51,8.32,5.95,5.09,3.83]
4,16,[3.91,9.73,4.64,5.63,9.89,6.92,5.88,4.72,2.69,4.26,7.81,6.63,7.84,2.83,5.94,9.35,4.94,7.28,2.09,9.76,6.48,3.15,2.43]
20,17,[5.96,5.97,1.84,9.93,9.22,5.15,2.06,8.49,5.49,7.45,5.58,3.46,8.51,9.82,3.19,5.96,4.45,9.3,5.57,8.91,8.78,3.49,8.11]
3,16,[4.73,9.41,5.57,8.38,3.55,3.69,6.28,9.99,5.41,2.34,5.85,4.11,5.97,5.89,5.1,3.9,2.7,7.28,6.15,3.1,7.98,1.39,7.7]
19,5,[7.35,8.3,4.47,6.97,8.39,9.83,5.46,1.33,5.52,6.31,8.83,8.87,4.96,5.73,5.11,7.5,4.69,6.89,2.39,5.23,9.72,4.05,7.23]
15,14,[6.85,8.67,8.67,8.73,4.42,3.85,7.47,7.83,8.85,1.32,1.62,6.68,9.29,9.98,7.72,4.91,1.89,6.7,8.85,4.99,7.25,9.13,1.41]
3,8,[8.17,3.64,4.37,2.31,5.78,6.09,8.13,2.53,1.71,8.84,6.58,3.17,9.22,2.29,5.15,3.29,3.3,1.08,8.24,9.11,7.1,2.42,4.98]
16,19,[4.11,6.29,6.75,4.82,3.25,8.61,2.79,4.46,5.35,3.13,6.15,6.17,9.93,3.66,9.8,6.92,3.47,6.09,7.17,7.7,1.44,6.46,5.47]
12,8,[9.14,3.58,8.19,6.46,4.17,6.73,6.59,7.1,7.49,6.93,8.55,6.65,9.13,6.82,3.78,4.97,6.22,7.59,1.81,3.66,7.73,2.58,2.19]
1,18,[5.85,9.74,5.78,9.22,8.47,3.31,8.42,5.34,8.26,7.72,4.05,2.04,9.67,2.27,9.7,8.74,7.52,9.82,9.71,8.24,4.29,8.12,1.13]
1,17,[5.83,5.09,7.06,7.05,6.26,8.4,9.46,1.98,3.1,1.23,8.96,6.05,9.24,2.99,1.57,8.41,9.18,3.72,4.67,2.26,9.52,3.74,5.43]
3,11,[1.87,8.99,2.22,5.08,7.03,7.69,9.51,4.77,7.68,2.39,4.73,1.89,5.4,4.67,9.56,1.29,4.33,4.99,9.55,8.7,1.89,7.17,5.9]
6,18,[9.8,4.23,4.58,2.71,2.1,8.63,5.09,6.96,6.78,6.37,1.19,8.08,3.19,2.13,6.08,1.62,7.89,2.86,2.94,8.83,3.96,2.33,9.1]
7,6,[1.03,8.73,2.3,2.17,3.26,2.57,6.95,1.23,1.13,8.11,3.14,3.91,2.57,1.47,7.68,5.73,7.71,5.29,8.0,5.62,1.98,5.53,9.51]
14,12,[1.39,8.05,8.8,5.69,5.12,9.68,1.55,5.31,4.61,7.17,5.41,9.19,1.66,1.73,6.47,1.59,3.48,6.7,5.94,3.93,9.95,5.78,5.08]
17,5,[6.45,1.89,7.32,8.68,6.86,7.92,7.49,2.94,5.06,3.06,4.05,5.08,4.74,1.86,4.84,6.99,4.37,2.37,9.31,1.6,8.49,1.84,1.87]
1,15,[7.65,8.31,6.01,6.28,6.05,3.97,2.1,4.18,6.99,7.75,8.81,7.49,9.72,6.4,4.16,6.2,2.91,6.91,3.02,1.97,8.61,4.31,7.86]
16,3,[6.17,8.26,8.61,9.77,8.37,6.52,6.78,1.24,9.36,8.47,3.41,2.62,7.32,3.78,4.06,1.05,8.83,6.1,4.61,2.28,6.7,1.28,7.72]
6,8,[2.94,4.78,4.07,4.33,7.49,7.99,6.11,1.76,1.47,2.42,6.56,7.07,3.45,6.96,5.37,4.98,3.46,7.79,2.02,4.87,3.55,7.11,5.38]
