# Nodos
# label,Lat,Lon
torreTigo,14.573993513848198, -90.48159396635145
guatemala,14.6123, -90.5353
zona10,14.6186, -90.5249
zona12,14.5839, -90.4973
mixco,14.6228, -90.557
zona11,14.6365, -90.5111
sanLucas,14.6548, -90.5923
ciudadVieja,14.5648, -90.7392
antigua,14.5656, -90.7336
campusUMGAntigua,14.576024368980857, -90.73642566933039
villaNueva,14.526, -90.5875
amatitlan,14.4774, -90.6349
villaCanales,14.4816, -90.5315
santaCatarinaPinula,14.5725, -90.5005
carreteraElSalvador,14.566, -90.48
santaLuciaMilpasAltas,14.5761, -90.6769
sanBartolomeMilpasAltas,14.6053, -90.675
sanMiguelPetapa,14.5042, -90.5645
bocaDelMonte,14.5417, -90.5129
barcenas,14.521, -90.588

# Aristas
# from,to,[]
1,2,[1.41,4.56,6.39,1.07,3.71,2.9,2.24,3.3,3.95,1.07,7.72,2.58,4.42,7.33,5.5,8.5,8.26,1.65,8.76,1.38,1.17,9.29,8.76]
1,3,[6.18,6.16,7.39,4.76,2.04,1.19,3.92,8.21,6.56,8.49,9.28,1.79,8.6,3.19,6.3,5.72,4.56,3.79,4.06,4.0,2.51,5.59,2.03]
1,4,[5.59,9.15,4.14,7.55,8.37,8.34,3.13,2.32,2.78,6.42,7.84,6.9,2.59,7.96,5.45,7.79,7.84,5.04,9.32,6.08,6.72,6.62,8.78]
1,5,[6.64,2.36,1.61,4.98,3.73,3.47,1.51,5.57,3.79,5.07,1.51,8.49,1.69,8.78,8.7,6.54,5.56,5.16,5.99,8.13,9.06,5.05,8.29]
1,6,[6.87,3.89,5.28,2.36,1.56,1.93,9.09,4.09,7.43,5.54,2.55,3.23,4.94,4.95,5.7,2.43,4.36,3.55,4.68,4.05,6.38,8.1,6.83]
1,7,[1.59,1.85,7.11,3.56,7.51,6.91,9.16,8.86,4.0,6.24,2.27,4.15,9.71,7.29,4.53,6.36,9.44,3.79,4.39,8.12,8.32,7.03,8.46]
1,8,[7.65,7.17,5.74,6.81,4.81,4.26,4.26,2.62,2.93,9.53,5.38,3.04,2.24,1.69,8.6,1.91,7.94,8.52,8.95,1.34,4.03,7.9,2.18]
1,9,[4.39,2.46,8.48,7.94,8.28,2.49,4.94,4.7,7.09,3.14,5.0,3.56,7.74,5.04,5.81,3.79,8.28,5.22,8.52,4.31,9.52,9.86,5.16]
1,10,[3.54,4.44,5.75,9.7,8.35,8.21,2.25,3.25,6.77,8.87,5.99,1.92,8.61,8.66,3.57,7.87,3.46,9.15,2.33,4.94,9.52,3.0,5.06]
1,11,[4.15,1.24,1.48,5.52,3.12,9.95,4.37,1.25,9.38,8.55,6.85,8.12,2.24,3.58,8.47,7.26,2.25,7.35,5.04,1.05,1.71,3.3,8.51]
1,12,[5.94,7.55,5.75,2.0,3.59,3.71,1.43,4.78,8.15,5.11,2.0,9.15,6.37,1.15,5.64,3.18,2.29,4.86,6.53,3.17,4.75,6.98,1.77]
1,13,[9.77,1.61,5.73,5.57,9.89,5.99,4.51,5.23,6.72,9.83,3.28,1.15,8.1,4.1,7.6,6.65,7.94,7.62,3.99,1.4,5.91,8.32,2.58]
1,14,[8.01,5.18,7.26,6.69,8.3,1.57,7.99,5.12,3.64,1.39,2.8,1.38,9.4,5.64,9.9,5.89,3.28,7.78,2.72,4.21,8.03,8.79,3.99]
1,15,[2.12,4.31,9.01,7.69,9.05,4.48,9.76,5.47,5.48,9.32,5.67,8.21,7.54,1.71,6.42,8.4,5.91,3.89,1.72,6.95,3.76,6.42,4.84]
1,16,[7.21,4.16,1.38,8.83,4.17,9.98,3.47,9.82,9.53,1.68,6.74,4.27,8.21,7.11,9.58,2.29,6.47,8.03,1.31,1.61,8.01,4.3,4.45]
1,17,[6.11,6.45,7.11,9.54,4.35,7.87,6.17,5.77,4.58,6.85,3.25,2.02,7.62,5.49,4.48,6.06,3.36,3.34,5.02,9.97,3.57,9.25,5.42]
1,18,[2.1,8.68,5.07,9.09,5.01,1.79,7.14,8.61,3.88,4.13,1.58,5.88,9.02,8.66,7.41,9.35,6.74,8.14,5.58,2.09,2.81,2.25,8.11]
1,19,[1.24,5.99,4.32,8.23,5.96,6.51,1.78,3.78,10.0,7.47,5.73,7.92,8.41,1.66,9.75,6.78,5.05,7.12,4.1,8.9,8.02,6.76,2.64]
1,20,[9.7,4.89,9.2,1.5,2.12,2.38,2.48,3.9,7.38,4.11,9.47,9.05,8.61,3.26,6.72,5.96,2.13,3.73,5.8,5.52,2.52,9.47,2.39]
2,1,[6.93,7.49,6.45,8.58,6.07,8.43,1.26,1.41,6.77,6.19,6.86,7.9,4.75,6.75,5.48,6.64,3.61,9.61,5.35,8.24,7.16,3.68,1.66]
2,3,[1.54,4.96,5.36,2.84,6.46,3.81,7.47,7.61,8.75,9.78,2.18,4.33,6.05,3.87,5.2,3.41,3.23,1.87,3.61,4.46,6.54,3.23,8.79]
2,4,[2.44,3.95,6.2,3.81,7.87,5.48,5.63,5.49,3.78,1.21,9.51,5.55,9.7,2.94,4.18,1.45,5.45,8.94,6.89,5.24,5.83,8.62,4.88]
2,5,[8.94,7.55,7.87,4.29,4.61,6.13,2.75,5.98,1.66,5.54,7.88,3.52,9.9,7.12,2.07,9.78,4.55,8.15,4.05,9.45,7.79,2.79,5.58]
2,6,[5.5,1.41,2.23,4.0,5.26,5.11,6.46,5.64,3.95,6.52,2.46,9.92,7.65,3.69,4.03,8.45,5.79,7.38,3.7,8.34,4.32,7.06,9.82]
2,7,[6.25,8.17,7.53,7.19,1.24,5.27,9.7,8.05,7.99,6.2,7.49,6.25,2.53,6.66,6.58,8.57,2.33,7.13,1.28,9.53,1.99,1.17,3.82]
2,8,[2.36,7.21,4.69,7.97,9.28,8.86,7.62,1.56,2.24,2.87,3.93,6.96,5.73,3.82,2.56,9.21,4.08,4.19,7.95,7.49,6.79,7.24,6.49]
2,9,[2.73,3.22,6.02,3.02,9.76,3.68,3.6,2.87,7.34,3.85,4.14,9.4,8.16,3.46,2.1,7.09,4.42,9.82,8.37,9.59,8.24,3.61,3.59]
2,10,[7.43,4.12,4.98,3.31,5.31,2.82,5.85,9.4,7.27,2.24,6.54,6.28,3.18,7.03,5.78,6.74,1.47,4.72,7.46,1.9,7.94,1.05,5.95]
2,11,[9.36,4.66,9.42,8.91,5.3,2.8,9.68,3.89,6.81,9.17,1.81,6.17,5.82,7.51,9.43,9.22,2.58,8.94,2.58,9.28,9.97,4.57,5.46]
2,12,[9.43,9.66,9.33,8.89,1.08,6.11,1.97,9.85,3.56,9.9,5.89,5.45,9.45,8.66,5.21,2.74,2.01,2.46,5.13,3.32,2.68,7.63,8.12]
2,13,[6.11,7.82,2.58,8.71,9.07,8.44,5.64,1.78,7.02,2.66,2.27,3.91,3.23,3.35,3.12,7.78,9.59,3.72,7.51,1.1,6.88,7.23,1.56]
2,14,[2.06,3.76,4.65,5.52,9.06,7.33,3.8,2.06,9.25,3.66,6.53,2.97,2.2,2.38,7.73,6.45,4.74,5.94,5.24,5.84,6.98,2.97,3.23]
2,15,[7.79,8.86,1.74,5.02,7.33,1.7,6.08,1.56,5.93,5.55,6.15,2.35,3.95,5.68,2.05,2.85,6.25,1.82,5.59,8.28,5.08,5.62,5.11]
2,16,[1.52,5.16,8.26,7.51,4.56,8.35,7.71,6.2,1.41,4.1,1.57,9.95,9.41,1.62,9.4,1.29,4.68,7.92,7.89,9.8,6.81,4.78,9.94]
2,17,[4.44,8.83,9.16,4.38,7.14,6.96,5.85,6.88,4.13,2.61,5.84,5.76,7.55,3.0,1.03,1.2,3.69,7.06,5.9,5.79,8.41,3.23,4.12]
2,18,[3.48,9.44,7.53,2.02,8.29,4.77,7.89,8.95,1.14,2.85,1.91,1.3,6.38,7.33,1.44,7.66,4.62,3.11,2.96,8.77,1.51,5.54,3.6]
2,19,[8.34,7.58,3.87,6.38,7.05,3.89,3.72,2.29,6.94,2.99,3.7,1.55,9.54,8.92,9.2,6.63,4.84,5.46,9.75,9.47,7.04,8.07,3.87]
2,20,[4.75,2.34,4.39,7.79,5.26,8.64,3.71,7.37,8.25,9.23,6.06,9.71,6.02,2.21,3.19,2.83,6.82,9.3,8.62,1.83,7.52,2.71,3.42]
3,1,[7.06,6.43,8.86,2.69,7.86,7.52,6.03,5.31,8.83,4.0,9.61,1.14,9.43,9.66,2.06,10.0,5.31,3.18,6.44,2.84,9.24,5.97,7.98]
3,2,[4.43,5.8,4.23,3.35,5.62,5.48,1.89,9.83,5.23,8.56,9.23,4.34,4.73,6.06,2.99,2.31,3.35,9.41,6.21,4.76,2.37,3.97,4.42]
3,4,[8.5,5.49,6.89,7.16,3.32,8.39,9.7,6.78,5.42,2.51,8.15,2.52,7.48,5.39,9.25,5.88,6.78,1.53,1.3,8.62,9.51,7.01,7.88]
3,5,[4.71,8.58,3.08,7.36,1.08,5.55,4.36,6.56,7.0,6.55,5.35,5.39,1.06,5.96,1.11,5.76,3.47,9.8,1.15,8.32,7.07,8.26,9.19]
3,6,[1.96,1.87,2.34,2.73,5.74,8.34,3.41,4.57,4.36,4.65,6.09,9.91,3.03,7.16,8.63,6.88,8.72,7.84,1.84,4.41,5.97,1.51,1.09]
3,7,[2.54,5.5,4.91,8.06,6.09,8.72,1.86,5.75,1.38,2.9,8.81,8.99,5.28,1.42,1.67,9.33,9.09,6.07,1.3,9.36,3.83,9.65,6.28]
3,8,[7.77,7.41,4.58,1.69,2.46,3.16,8.51,4.5,9.07,3.99,7.8,2.26,9.9,7.52,5.51,9.77,1.48,4.93,8.55,4.07,7.92,9.59,4.57]
3,9,[7.96,1.27,3.46,9.93,5.42,4.2,9.47,4.89,7.12,6.95,1.77,6.57,8.18,7.42,1.74,2.39,7.41,6.71,7.66,3.85,1.96,1.05,3.77]
3,10,[4.24,3.43,2.19,2.69,5.04,5.99,4.67,1.24,4.19,1.84,6.38,3.92,4.47,3.63,4.49,1.76,9.11,9.15,9.8,6.15,2.53,4.43,2.25]
3,11,[3.71,5.44,1.57,4.91,4.79,5.36,1.69,3.27,3.22,6.63,6.34,2.76,1.96,3.74,9.54,3.99,6.58,8.24,3.97,4.01,8.34,8.74,9.77]
3,12,[2.23,3.89,9.53,2.81,3.83,9.68,9.72,3.62,7.25,5.42,6.18,3.18,4.38,8.35,4.54,2.02,6.07,6.33,5.91,7.14,5.95,9.58,5.15]
3,13,[7.38,4.95,3.62,7.24,8.37,8.16,4.68,5.49,6.7,3.18,6.93,7.44,8.1,1.67,9.92,5.31,4.61,5.56,9.28,7.23,5.89,8.12,4.24]
3,14,[9.06,5.83,6.74,1.76,7.92,6.92,4.2,6.82,1.4,9.85,7.1,4.6,7.77,9.69,4.87,1.09,3.33,5.6,5.67,6.22,6.18,5.01,4.52]
3,15,[7.95,6.3,5.5,4.1,1.22,1.94,4.74,9.66,2.04,9.47,2.28,3.81,5.1,2.86,5.35,5.29,4.94,7.27,3.87,3.7,8.29,2.04,8.64]
3,16,[6.83,7.09,2.48,9.86,3.2,2.57,2.44,6.04,9.63,3.09,4.65,2.66,6.76,4.89,1.26,6.53,2.78,6.33,4.5,7.34,2.85,7.77,8.28]
3,17,[1.56,1.92,8.85,2.68,3.93,5.12,3.36,8.76,5.75,6.75,6.37,6.5,6.28,4.13,8.61,6.56,8.32,7.35,3.68,6.53,1.76,2.21,2.06]
3,18,[3.75,2.65,7.24,5.6,4.76,2.24,4.45,2.67,6.72,7.24,6.81,10.0,5.99,5.41,2.26,3.83,5.06,1.48,4.23,1.09,2.23,8.34,9.67]
3,19,[5.55,5.45,7.16,4.74,8.56,5.4,1.74,1.28,7.85,3.63,3.47,5.84,2.51,5.12,7.68,7.89,5.95,2.02,2.03,7.98,8.41,4.3,8.4]
3,20,[1.37,7.47,5.92,9.91,1.92,8.47,7.76,3.68,9.99,5.05,4.14,8.35,4.95,9.95,7.98,3.13,8.3,6.29,4.16,7.4,6.69,2.49,2.25]
4,1,[2.86,2.86,1.53,4.16,3.53,5.85,3.91,7.34,3.6,3.41,8.72,9.87,7.11,1.86,9.66,8.07,9.27,9.93,8.8,2.14,8.79,3.25,7.4]
4,2,[8.46,7.85,7.09,5.41,6.2,3.42,4.73,5.07,6.7,8.92,1.84,5.64,3.5,9.43,4.32,9.55,3.95,1.02,7.97,7.59,7.58,5.13,6.98]
4,3,[4.22,1.57,5.81,2.96,4.87,2.91,3.42,8.46,4.04,6.2,6.1,5.37,4.09,7.14,1.44,1.9,8.06,5.14,2.12,8.72,4.97,1.01,9.62]
4,5,[2.82,7.2,2.19,6.85,2.43,9.39,3.47,6.89,3.25,4.35,9.13,2.49,4.57,3.75,7.29,3.11,6.9,7.33,1.01,5.29,2.19,3.04,7.12]
4,6,[1.08,7.26,8.35,9.89,4.8,2.19,1.64,4.45,7.58,1.92,3.82,8.93,2.23,7.96,7.78,2.2,9.94,2.29,5.77,1.08,6.85,4.96,7.5]
4,7,[6.65,2.36,4.71,7.18,8.74,1.78,1.9,7.77,6.31,4.46,9.67,3.83,2.26,3.49,1.76,5.98,6.4,6.47,8.01,7.21,8.63,6.93,3.71]
4,8,[5.66,5.59,7.73,3.66,1.49,9.08,9.59,5.45,2.01,5.5,6.35,5.75,9.8,9.88,9.41,2.19,8.75,6.12,4.29,7.15,7.86,9.59,7.93]
4,9,[1.15,1.61,3.36,1.36,1.54,8.1,5.56,6.66,5.51,4.74,7.32,1.74,5.83,6.54,3.5,3.79,5.6,2.83,8.27,5.83,4.52,6.71,8.51]
4,10,[7.13,1.6,7.29,7.57,8.62,1.52,1.78,4.91,5.08,6.48,3.78,7.68,7.67,2.07,7.37,7.31,2.47,9.58,5.71,8.05,7.49,2.5,2.14]
4,11,[8.03,3.42,8.98,7.94,1.26,8.26,3.45,1.57,7.41,6.19,1.69,5.1,4.24,5.5,6.1,4.31,3.3,1.93,6.17,7.51,3.06,5.58,1.4]
4,12,[8.77,3.2,5.25,4.45,2.35,9.38,8.72,5.98,9.23,7.67,4.77,3.9,4.75,7.48,3.44,1.7,4.36,5.52,9.12,2.61,8.24,9.83,9.59]
4,13,[1.62,5.19,3.54,8.6,3.95,5.98,1.07,2.81,6.07,3.74,6.6,5.18,6.33,5.44,7.95,2.76,9.1,7.84,3.21,1.06,4.69,3.1,4.12]
4,14,[8.56,8.89,9.56,1.01,6.92,8.64,7.54,1.94,5.77,3.14,5.43,1.54,9.97,7.4,1.84,9.29,9.08,5.68,7.31,4.35,9.77,1.76,1.86]
4,15,[2.2,8.38,1.67,6.11,4.91,9.68,3.13,3.35,3.84,8.21,7.31,7.62,3.86,3.45,1.67,2.82,8.02,6.26,2.4,2.48,5.19,4.66,5.82]
4,16,[9.68,2.87,3.77,3.39,2.08,2.42,7.17,8.44,7.27,1.36,8.52,3.95,1.82,3.23,4.2,5.62,7.09,3.34,9.92,1.28,4.64,5.07,7.73]
4,17,[3.25,5.16,8.24,2.26,1.11,8.47,9.84,2.18,8.41,4.35,6.67,6.8,6.24,3.33,8.31,1.2,1.58,9.12,4.99,2.16,9.15,8.46,3.98]
4,18,[1.38,5.15,2.51,6.16,8.4,4.55,1.27,7.15,2.56,2.93,2.68,3.52,8.95,1.31,6.57,3.21,3.66,4.71,5.96,1.55,3.52,2.24,2.8]
4,19,[8.96,5.73,6.68,8.22,8.15,9.9,8.04,4.23,5.9,5.36,9.21,5.52,4.5,2.62,3.87,2.97,9.06,8.01,1.53,9.92,5.76,7.9,10.0]
4,20,[9.77,1.9,6.91,3.4,8.35,9.26,1.5,9.97,2.97,8.62,8.18,4.19,8.55,8.61,2.58,6.33,8.26,7.28,9.23,1.25,7.31,9.53,6.07]
5,1,[6.07,2.69,9.89,8.93,5.43,3.78,5.41,1.81,3.09,2.97,5.74,1.01,9.26,2.81,2.17,7.45,9.27,8.6,3.91,1.2,6.28,9.26,7.97]
5,2,[8.62,8.75,9.65,4.36,9.48,4.56,1.91,3.72,2.23,2.42,9.54,8.13,9.65,6.84,2.57,9.72,7.24,9.36,8.08,3.01,6.3,2.58,3.76]
5,3,[7.2,2.15,7.56,9.54,9.54,4.52,9.95,9.69,1.29,6.42,9.29,9.71,2.99,6.09,9.43,2.27,7.71,3.14,9.84,2.51,8.97,1.8,7.38]
5,4,[6.75,8.98,5.02,3.39,3.25,1.61,3.31,1.97,1.01,4.47,7.59,9.72,8.96,5.44,4.41,5.91,1.91,5.32,8.78,6.86,7.18,2.46,1.66]
5,6,[8.61,3.65,3.87,9.56,1.67,2.53,4.38,7.59,5.92,9.08,1.84,6.35,6.52,5.34,1.28,9.48,2.48,9.01,2.41,1.91,2.85,2.71,7.27]
5,7,[7.5,7.57,3.39,3.53,3.14,1.45,6.15,8.56,2.38,4.25,4.85,3.65,6.96,6.4,2.8,1.23,2.54,3.63,1.74,8.59,3.78,4.58,5.4]
5,8,[6.95,1.82,5.9,2.66,8.97,4.32,5.01,3.37,5.19,3.04,3.42,1.55,7.77,7.01,1.77,4.09,5.87,9.74,6.31,5.98,8.57,8.37,4.77]
5,9,[5.82,8.8,5.27,8.93,5.29,1.71,9.12,7.43,5.52,9.1,8.2,7.1,6.58,2.08,7.81,2.56,9.86,9.75,8.28,2.14,4.81,9.89,4.92]
5,10,[9.98,6.65,8.51,3.32,9.2,9.23,1.6,4.49,4.58,3.94,3.49,5.12,8.86,8.08,6.61,5.7,4.78,4.73,2.33,6.29,7.83,9.46,9.32]
5,11,[6.06,1.91,3.57,5.82,4.09,4.7,4.45,5.37,6.48,1.34,3.48,2.29,6.48,7.24,1.35,9.01,3.98,3.14,7.71,9.29,9.07,1.18,8.36]
5,12,[3.73,3.52,5.42,7.27,1.88,8.82,2.21,9.77,4.99,8.43,3.42,4.75,6.81,2.69,2.9,8.42,7.67,7.84,8.8,8.39,5.64,2.43,3.8]
5,13,[5.56,2.22,8.66,8.91,1.26,2.73,8.5,8.53,3.25,5.11,9.26,7.34,3.47,8.41,5.55,6.72,2.11,1.28,4.35,6.35,2.6,8.83,6.28]
5,14,[4.15,2.47,9.05,7.74,7.2,3.57,4.48,2.47,6.15,9.68,8.71,6.83,7.1,3.42,4.69,1.18,8.02,7.91,1.08,9.2,6.83,6.41,1.08]
5,15,[3.27,8.25,3.75,9.7,6.78,4.81,4.39,4.14,3.27,5.2,7.09,8.42,4.57,1.92,5.6,6.96,8.59,4.37,6.83,6.48,3.69,1.97,1.57]
5,16,[9.9,6.77,8.75,3.35,7.4,9.03,3.69,2.35,7.89,9.1,8.25,8.22,6.4,6.94,7.13,7.49,6.9,9.98,3.33,4.77,4.49,1.32,7.37]
5,17,[6.15,2.71,7.54,3.0,5.81,8.06,9.16,7.05,5.57,8.61,8.57,8.89,2.63,1.88,2.15,3.33,8.28,7.87,2.65,7.12,4.02,1.8,4.2]
5,18,[7.7,3.76,8.09,3.98,3.35,3.65,8.66,5.23,8.8,6.25,9.5,1.64,9.0,5.5,8.81,4.44,3.69,1.49,8.69,2.24,2.8,4.68,6.12]
5,19,[9.16,5.12,3.85,7.44,8.01,5.39,6.68,2.59,6.71,1.04,3.46,7.85,2.52,7.88,5.41,7.87,1.79,6.53,6.7,4.63,9.69,4.45,1.34]
5,20,[2.79,4.36,1.13,3.9,8.5,2.72,7.09,6.64,3.24,7.24,4.1,2.16,4.45,6.3,2.5,8.41,3.68,3.62,7.55,6.37,4.04,8.99,9.96]
6,1,[4.08,9.11,4.23,2.7,9.53,9.26,4.63,3.06,7.54,2.18,7.61,6.31,2.52,4.3,6.85,1.34,8.89,3.3,5.81,1.44,9.95,6.96,6.88]
6,2,[1.18,7.21,4.75,4.42,5.93,5.27,2.38,7.26,6.67,3.71,6.95,6.96,3.43,6.45,2.23,8.48,1.94,7.47,2.06,2.03,1.96,2.79,2.8]
6,3,[3.37,5.71,2.82,7.33,3.66,1.35,5.47,2.87,9.4,3.98,1.02,7.04,9.16,8.52,7.02,2.34,1.81,5.61,7.51,1.91,3.3,3.08,9.9]
6,4,[3.66,5.18,1.9,2.57,1.36,3.62,8.21,3.81,7.65,1.85,7.82,1.41,8.67,6.97,2.53,4.22,4.94,6.6,8.91,1.84,8.33,2.65,4.61]
6,5,[9.66,3.45,4.47,8.66,8.2,6.84,8.17,2.02,7.27,1.53,9.48,2.43,4.74,6.32,8.22,7.11,2.63,4.42,4.23,1.26,7.16,8.55,9.76]
6,7,[2.18,9.28,2.02,4.7,1.41,3.35,3.83,7.34,7.1,7.91,6.19,6.09,9.8,7.03,4.04,5.71,7.31,1.86,6.96,3.24,4.11,7.09,4.46]
6,8,[8.55,6.03,9.89,1.49,6.79,2.41,8.64,8.67,8.82,1.67,5.42,3.17,9.73,1.45,3.0,6.79,4.63,3.11,5.13,8.21,5.03,8.71,5.02]
6,9,[2.07,5.48,6.88,1.92,4.71,6.01,1.0,1.82,6.44,6.57,3.74,5.58,2.86,7.04,9.55,4.27,1.49,3.01,5.09,6.04,6.58,5.26,6.91]
6,10,[7.44,2.03,7.83,3.0,4.07,8.47,9.68,3.63,5.7,7.32,1.41,2.48,2.26,7.45,7.49,1.96,6.5,2.69,9.37,4.54,5.11,8.03,7.45]
6,11,[1.97,4.73,9.34,8.54,6.3,7.95,5.05,6.93,9.61,2.21,5.49,5.77,1.44,9.42,8.55,5.35,5.57,9.29,2.59,6.21,7.57,2.16,4.49]
6,12,[6.4,8.94,5.54,4.46,9.82,9.24,7.86,3.46,9.67,9.73,5.08,2.2,4.71,7.3,7.74,3.69,7.31,8.75,7.41,9.42,6.69,2.81,6.62]
6,13,[3.62,4.11,7.05,9.83,6.85,9.62,5.54,7.25,3.9,2.04,4.17,5.32,6.14,7.0,4.76,7.73,8.57,3.57,8.63,8.27,5.7,1.23,2.31]
6,14,[7.03,2.8,7.75,2.45,3.58,3.26,8.55,7.22,3.66,7.78,1.29,8.33,1.92,8.81,7.66,8.78,7.68,6.05,3.14,8.06,8.19,3.59,6.98]
6,15,[9.34,4.49,9.61,9.78,3.81,5.97,1.12,3.26,6.59,8.03,8.83,8.47,9.2,7.34,6.83,7.8,5.92,6.43,7.99,9.68,3.65,2.6,7.14]
6,16,[2.68,2.56,5.62,4.39,4.86,6.01,2.17,6.26,3.3,3.98,7.39,2.39,2.38,3.9,1.46,9.39,6.54,6.96,5.41,6.15,4.22,8.06,3.86]
6,17,[2.98,2.65,1.61,5.55,4.74,5.83,1.83,2.99,2.92,3.99,4.25,2.97,7.77,5.77,9.97,8.41,9.83,1.08,7.02,5.01,9.14,6.52,6.59]
6,18,[9.63,7.14,3.89,9.24,9.5,4.47,5.86,3.55,9.2,8.4,4.37,8.23,5.01,1.39,9.08,2.73,5.63,9.53,2.51,9.61,5.84,1.07,1.59]
6,19,[7.03,7.96,8.78,4.82,1.94,5.84,7.32,9.79,7.98,6.82,9.46,7.72,2.38,5.13,3.99,1.79,1.49,8.15,6.02,6.17,3.05,3.33,4.49]
6,20,[6.67,4.9,1.15,7.06,5.81,6.77,6.57,7.8,6.27,7.31,1.65,9.35,1.96,8.08,3.71,1.78,7.89,4.94,4.56,6.95,5.27,5.8,2.23]
7,1,[4.52,8.18,5.91,9.64,2.3,7.1,9.23,8.16,7.56,4.36,9.55,5.98,6.0,2.11,1.05,6.37,5.83,9.52,3.74,7.73,9.13,4.09,4.71]
7,2,[6.81,5.61,2.45,2.99,8.51,2.75,2.63,8.2,8.67,8.66,9.39,9.95,5.15,5.95,3.62,1.61,1.88,7.53,5.38,3.98,2.15,6.9,1.9]
7,3,[6.58,9.1,3.86,5.06,6.55,3.75,6.26,6.09,4.28,3.85,4.85,1.04,3.22,2.99,7.66,4.93,8.56,2.21,7.6,8.9,5.17,4.23,3.75]
7,4,[5.97,2.58,6.46,8.58,8.73,2.26,5.85,3.37,8.98,1.69,1.68,1.17,5.56,1.28,6.24,4.65,6.31,9.16,5.96,5.89,9.99,5.25,7.98]
7,5,[4.29,3.01,7.95,7.6,3.62,5.18,5.59,4.57,5.52,6.96,8.63,8.26,6.53,2.49,5.63,5.02,2.61,9.54,6.93,9.71,7.62,5.35,4.23]
7,6,[2.97,5.39,1.57,4.32,1.39,2.86,9.17,4.25,5.23,5.09,1.42,9.83,3.92,7.33,5.69,8.47,8.51,3.37,5.9,2.56,6.88,4.29,6.88]
7,8,[8.52,5.65,4.39,9.17,5.65,4.18,8.81,5.38,5.34,6.44,5.52,2.25,2.49,1.69,6.79,2.9,2.68,4.26,7.46,2.06,3.07,8.3,7.48]
7,9,[5.33,5.31,2.9,2.45,8.5,1.2,1.39,6.16,2.45,6.67,1.35,6.15,1.5,3.32,2.62,9.62,6.39,6.07,1.17,7.48,6.96,3.55,1.77]
7,10,[5.04,9.93,8.81,2.54,8.47,6.41,8.15,8.38,2.64,6.94,3.38,7.52,4.08,5.08,6.32,3.07,4.47,1.98,2.82,8.74,5.54,4.78,2.35]
7,11,[1.87,5.28,6.53,1.35,8.05,5.53,2.06,5.34,2.17,6.43,8.45,9.07,7.97,6.84,5.7,4.33,1.39,5.77,3.07,8.22,8.11,4.43,6.3]
7,12,[7.67,7.85,7.27,1.88,2.2,5.29,3.09,8.73,3.55,8.89,4.68,2.7,7.38,8.1,6.2,2.06,1.06,6.89,7.19,3.84,4.26,2.39,6.86]
7,13,[3.28,8.69,4.81,4.29,3.48,7.13,7.79,4.72,8.05,5.34,4.33,5.99,3.28,3.76,4.1,7.35,7.62,8.69,6.93,7.73,5.02,7.29,2.46]
7,14,[2.93,4.61,4.05,5.96,7.27,7.36,2.45,9.68,1.05,1.82,2.31,9.33,4.92,1.58,3.0,1.72,1.34,4.46,9.86,6.53,5.69,7.4,6.38]
7,15,[9.51,8.38,6.76,4.95,2.82,6.91,8.24,3.57,1.3,6.4,5.64,3.09,2.53,1.32,3.15,1.0,2.42,9.97,8.02,4.18,4.56,6.27,5.66]
7,16,[7.63,1.62,1.81,3.56,8.47,9.24,4.13,9.67,3.49,6.46,2.75,9.37,6.17,3.35,4.66,1.96,1.65,3.65,9.52,8.23,9.61,8.89,8.32]
7,17,[6.17,7.25,9.69,6.07,7.93,7.82,9.65,5.13,5.15,6.28,1.25,2.05,1.61,6.7,9.95,7.09,3.07,3.84,9.6,5.65,1.09,8.49,3.23]
7,18,[1.84,7.06,8.39,1.68,9.38,5.29,4.18,9.05,3.42,9.52,7.15,9.19,5.49,2.8,7.62,8.85,2.86,2.82,3.25,6.57,2.4,1.96,9.28]
7,19,[7.08,6.97,6.52,7.88,5.87,1.38,5.34,6.59,5.43,9.87,9.07,8.82,5.42,9.86,9.24,3.52,3.0,6.19,1.49,8.19,5.3,5.87,5.52]
7,20,[4.54,7.18,2.57,9.79,7.28,5.14,7.2,1.11,2.9,6.23,3.93,6.52,3.34,5.94,3.13,5.24,6.52,4.29,5.49,2.89,7.31,4.35,8.69]
8,1,[3.52,2.62,2.18,6.18,3.06,1.9,3.43,3.12,4.89,4.43,2.31,9.63,2.35,8.25,2.59,5.5,9.96,8.64,5.65,7.49,8.07,3.7,6.06]
8,2,[6.11,4.59,7.21,1.54,8.32,5.29,6.67,5.05,4.01,4.25,6.04,9.39,3.32,1.18,2.09,8.81,9.67,2.79,6.18,6.84,2.57,8.02,4.2]
8,3,[7.06,5.39,7.63,9.01,4.43,3.58,6.69,2.3,2.51,8.27,4.04,6.68,6.14,8.64,1.64,2.46,3.05,3.85,3.62,3.41,6.8,3.44,5.0]
8,4,[8.77,4.27,6.28,9.69,4.73,2.65,1.21,7.55,6.96,9.46,7.31,1.72,2.5,1.93,1.57,8.91,5.94,1.24,4.57,7.88,1.75,3.36,2.4]
8,5,[6.89,8.97,3.78,3.23,3.56,6.64,2.18,8.55,1.26,6.97,8.74,3.93,5.29,9.77,5.87,3.45,5.0,9.73,7.28,2.59,6.38,6.68,6.72]
8,6,[6.08,5.71,6.76,3.79,4.12,5.86,8.24,4.98,4.29,3.34,3.73,1.0,8.34,8.63,4.09,5.22,1.07,9.3,9.52,5.29,1.08,4.87,3.64]
8,7,[3.08,1.06,4.36,4.71,6.04,4.55,2.47,7.63,4.51,4.41,3.37,4.8,3.16,7.88,9.19,8.27,7.16,3.56,7.69,8.28,4.72,8.68,2.64]
8,9,[3.61,6.73,6.56,3.45,6.6,2.69,1.17,1.45,5.81,2.67,1.92,3.42,7.44,7.54,3.1,2.36,5.44,4.08,3.8,8.2,9.98,5.17,8.12]
8,10,[3.97,8.59,9.56,1.5,7.98,1.64,5.23,2.73,8.57,8.36,8.45,2.1,7.91,3.24,7.94,4.99,7.64,1.3,5.15,7.94,5.69,9.84,5.26]
8,11,[7.13,3.81,3.91,6.66,1.38,9.44,5.69,3.28,6.75,2.79,8.99,8.77,2.96,2.02,6.7,3.92,2.51,3.48,2.08,8.1,1.08,1.38,8.05]
8,12,[5.28,6.37,4.34,1.81,2.42,1.82,6.57,9.38,9.97,6.63,1.54,6.8,7.31,8.12,2.13,3.09,9.84,8.1,7.81,8.25,4.95,2.74,7.2]
8,13,[4.22,2.21,9.09,5.37,4.94,3.65,7.27,2.71,2.68,4.13,7.59,3.48,8.48,9.23,5.99,1.62,2.4,3.66,3.37,4.3,1.01,6.74,4.41]
8,14,[2.67,1.17,8.71,7.98,3.15,7.49,6.92,5.85,4.49,5.72,5.48,5.96,6.52,3.9,6.77,1.99,5.71,1.6,8.52,2.17,8.86,2.82,5.37]
8,15,[1.89,6.14,8.53,6.92,5.73,7.31,3.3,4.3,6.45,1.64,9.37,2.88,5.42,9.01,1.72,8.21,1.55,6.02,9.44,4.74,4.32,7.38,8.41]
8,16,[3.39,1.37,1.63,3.74,9.5,9.65,1.87,7.53,5.78,2.71,5.74,3.24,6.63,2.61,7.74,4.74,1.95,6.75,4.22,5.13,6.99,8.95,2.5]
8,17,[2.62,4.61,4.04,2.42,9.99,4.99,4.17,3.84,9.92,3.92,4.35,7.88,4.88,7.53,6.48,6.07,2.93,7.89,9.34,3.29,9.65,5.03,4.57]
8,18,[7.54,9.85,6.36,5.66,9.94,3.72,3.7,3.0,8.7,1.2,8.4,7.21,3.48,5.98,6.01,9.33,2.39,1.34,4.2,2.25,4.3,6.24,3.1]
8,19,[8.3,1.83,4.6,9.26,7.61,7.51,8.14,2.56,8.43,7.21,6.19,9.17,6.36,3.7,7.58,6.19,1.71,1.5,7.94,4.13,8.35,4.75,8.81]
8,20,[8.83,3.04,6.88,6.42,1.1,8.0,4.44,3.74,1.37,5.86,2.35,5.52,2.99,1.45,7.58,4.54,5.01,6.36,5.54,3.0,3.61,4.55,2.19]
9,1,[1.74,6.14,1.44,4.59,1.77,5.52,7.96,2.17,2.21,6.03,5.39,6.87,2.76,6.54,7.62,3.22,1.64,7.99,3.91,9.32,1.81,7.05,4.81]
9,2,[4.13,3.89,6.34,1.22,3.74,9.89,6.55,9.91,4.98,2.31,1.4,8.36,2.8,4.36,7.82,8.67,2.01,1.49,9.54,9.34,8.82,8.38,1.12]
9,3,[7.24,2.0,5.05,1.2,2.88,5.84,2.83,5.71,3.33,5.35,7.57,2.27,7.29,1.17,6.25,6.97,1.39,2.53,3.56,8.1,6.56,1.48,6.89]
9,4,[1.08,4.5,3.44,8.67,6.94,8.78,1.17,8.81,6.84,3.08,4.43,9.79,1.9,3.84,8.8,5.78,2.68,5.51,5.12,9.34,1.19,3.23,5.76]
9,5,[4.0,4.54,2.41,4.12,4.17,6.63,3.13,9.8,5.51,8.31,6.63,8.91,9.01,8.33,1.27,5.99,3.52,2.37,9.07,6.91,1.79,4.44,9.65]
9,6,[6.51,6.63,3.05,3.16,2.37,9.73,9.19,3.96,5.88,2.86,2.25,5.87,8.2,8.76,3.78,7.35,5.71,2.22,9.96,9.78,2.31,9.4,9.25]
9,7,[3.86,6.02,9.54,2.07,3.86,8.92,7.54,7.89,8.92,4.73,4.7,4.99,9.4,9.05,9.4,3.46,8.01,1.96,2.66,7.86,6.51,3.4,6.1]
9,8,[3.08,3.09,7.19,4.23,7.19,5.29,5.52,6.44,7.41,4.37,8.67,5.42,2.24,2.74,1.29,7.88,1.14,3.43,4.72,7.68,9.89,7.82,1.6]
9,10,[9.34,9.87,8.8,5.41,3.92,5.12,3.22,4.64,1.38,7.62,4.42,3.82,6.5,7.68,6.34,5.73,8.88,8.08,5.69,5.06,8.44,1.38,9.96]
9,11,[5.67,4.56,7.62,6.02,5.65,6.68,1.44,3.62,4.58,3.74,8.45,5.15,4.8,6.52,1.49,5.65,2.28,8.47,5.07,7.5,2.02,8.01,9.44]
9,12,[7.27,2.22,4.72,5.06,2.61,6.31,7.41,2.82,5.09,3.25,7.23,9.16,8.17,7.47,2.11,2.03,5.04,4.27,5.71,4.46,8.12,5.6,9.55]
9,13,[4.41,4.43,7.91,9.21,6.09,6.94,2.35,8.82,2.61,7.41,4.78,3.79,7.92,5.02,6.64,2.06,2.18,2.83,6.6,3.28,5.13,8.7,5.89]
9,14,[1.05,8.94,3.14,6.3,5.28,4.69,1.71,6.4,3.2,5.93,6.58,6.02,8.43,1.44,2.33,6.88,1.33,8.68,7.0,8.54,3.69,9.28,1.44]
9,15,[4.75,2.6,7.05,6.5,7.22,6.35,8.09,2.6,5.1,6.21,9.38,1.84,3.69,4.32,4.41,1.61,4.85,5.95,3.64,2.21,7.25,3.47,5.74]
9,16,[5.72,7.26,6.51,1.98,7.57,6.66,9.88,5.35,7.2,9.41,9.88,3.58,6.48,3.85,5.73,9.96,4.18,2.17,6.06,5.68,6.69,5.43,2.62]
9,17,[6.48,7.38,9.81,1.01,1.22,6.63,2.06,8.63,8.2,9.99,4.73,4.0,6.04,6.74,1.1,2.81,3.53,8.11,3.77,5.56,3.92,1.06,7.17]
9,18,[4.07,7.52,6.54,1.26,2.58,3.97,4.04,7.05,9.25,8.18,6.81,5.33,6.64,9.03,5.83,4.02,8.06,4.73,7.68,8.52,3.69,7.52,3.84]
9,19,[5.82,2.87,7.17,8.2,8.99,4.18,9.73,3.52,1.28,9.85,6.64,8.58,6.14,4.51,6.36,8.78,7.76,7.35,3.83,1.28,4.72,5.47,3.14]
9,20,[5.07,9.56,2.95,3.72,2.01,8.06,8.0,9.22,4.99,1.22,5.34,5.5,2.71,9.31,7.59,5.71,7.98,2.29,8.85,8.4,9.44,7.09,2.19]
10,1,[7.52,5.13,7.42,5.7,1.04,9.39,7.18,6.35,1.78,5.2,1.42,5.69,6.93,3.81,6.2,3.81,9.03,3.89,2.73,3.49,3.87,4.97,2.06]
10,2,[2.34,3.46,1.14,6.61,5.63,2.86,4.15,3.87,2.27,7.34,3.55,3.2,1.64,6.52,4.05,4.99,2.17,5.24,7.08,1.95,1.48,4.84,2.61]
10,3,[6.37,6.33,8.53,7.29,6.55,3.81,8.36,7.42,7.04,5.8,9.76,7.8,5.19,2.19,8.32,9.28,5.21,5.1,7.16,7.39,5.19,3.09,3.01]
10,4,[8.75,6.55,9.22,4.53,7.3,6.99,8.1,8.94,5.08,1.27,5.28,4.16,5.15,2.54,7.91,6.44,2.15,1.93,8.36,8.17,3.93,6.85,8.13]
10,5,[5.79,4.61,4.72,6.59,5.93,9.77,4.45,4.07,8.33,6.32,8.06,4.92,8.09,5.9,3.13,6.96,1.7,9.38,6.17,5.38,6.33,5.17,6.0]
10,6,[8.4,2.59,9.6,1.63,1.98,8.33,7.94,4.41,5.45,6.94,1.81,8.35,8.99,9.13,6.73,1.0,2.32,2.34,5.78,4.51,6.2,2.76,7.13]
10,7,[3.85,6.13,9.22,3.74,9.49,4.91,9.84,4.1,1.8,1.07,9.88,4.64,2.15,3.65,4.32,5.94,1.48,7.33,8.39,4.23,8.75,8.79,3.12]
10,8,[7.32,4.55,3.86,4.45,4.43,5.91,6.96,5.27,2.69,4.46,9.32,8.56,2.39,9.98,7.03,2.21,1.65,1.14,7.49,5.38,4.93,9.91,1.76]
10,9,[6.78,4.74,5.1,8.1,6.44,4.83,2.62,5.58,5.97,5.05,4.2,2.67,6.44,6.2,8.62,3.13,5.52,4.7,5.92,4.3,9.8,6.11,7.34]
10,11,[2.02,5.33,7.21,2.28,7.58,9.85,9.85,8.01,5.18,1.7,9.01,1.8,5.25,7.68,9.64,1.7,6.7,8.18,3.81,1.47,4.09,8.01,5.22]
10,12,[5.61,5.22,7.6,4.79,9.65,8.18,3.6,1.32,9.31,7.74,7.54,6.07,1.55,5.26,2.52,1.46,9.91,8.28,6.62,3.58,1.74,5.55,8.66]
10,13,[3.5,2.19,3.53,8.72,1.13,2.0,2.57,6.33,2.36,5.02,8.27,3.35,7.31,5.36,8.19,8.76,4.09,1.76,2.31,9.41,2.39,5.46,9.94]
10,14,[7.93,3.14,4.96,6.74,2.9,7.61,4.11,6.78,7.8,2.04,2.51,4.59,3.71,7.72,7.77,5.79,4.42,7.35,5.27,2.31,8.83,1.11,9.35]
10,15,[5.04,7.11,9.66,7.15,1.37,9.26,6.74,9.61,4.89,9.26,8.73,4.01,3.4,1.88,6.89,4.52,7.96,7.74,7.61,6.3,2.75,4.04,7.21]
10,16,[2.62,5.93,7.06,8.49,1.11,1.88,1.94,5.01,2.97,3.55,2.74,1.21,1.83,9.45,6.91,8.52,9.55,6.74,7.37,2.08,8.71,2.17,6.91]
10,17,[9.1,6.09,9.7,9.06,7.26,3.28,5.2,9.43,6.75,9.3,3.49,4.84,9.13,7.93,3.91,2.46,1.67,7.99,4.45,3.99,1.54,9.6,3.38]
10,18,[4.97,5.43,9.36,6.49,2.61,5.43,2.29,7.92,2.97,6.79,9.21,7.44,1.93,1.66,6.14,3.26,5.01,9.07,2.34,6.76,9.4,6.98,3.4]
10,19,[7.3,9.14,6.17,5.64,9.46,5.42,4.92,8.6,8.03,8.07,5.86,1.03,9.59,8.36,5.34,6.11,9.42,4.23,7.14,4.61,6.69,9.63,1.82]
10,20,[5.81,9.65,1.72,5.14,7.9,6.83,2.59,1.35,4.46,2.72,7.26,9.07,6.68,4.23,1.76,6.7,7.62,2.26,2.74,7.48,6.34,5.4,1.57]
11,1,[5.86,3.77,5.81,8.51,5.04,9.96,1.33,1.5,8.09,1.39,2.06,8.26,7.01,5.13,7.1,8.87,2.34,6.21,9.32,1.33,2.27,6.88,5.24]
11,2,[9.26,1.41,7.31,2.17,2.55,1.45,3.77,8.14,5.11,2.54,6.32,8.36,1.96,5.47,8.19,2.99,8.24,4.84,8.3,9.84,7.11,3.92,9.78]
11,3,[6.18,2.24,8.53,8.14,7.88,6.34,4.02,2.09,2.27,4.74,7.27,5.98,4.95,9.33,1.37,1.9,8.63,6.51,8.0,1.14,5.38,1.06,2.61]
11,4,[1.8,6.87,8.98,4.75,8.27,7.95,7.23,2.86,6.76,5.71,4.71,9.44,6.49,1.34,2.62,5.5,9.55,6.64,8.04,4.13,1.04,3.12,2.06]
11,5,[5.77,1.86,4.26,7.85,5.86,2.97,7.93,6.93,3.49,2.74,8.17,7.17,9.72,5.27,2.59,7.03,1.39,6.8,3.57,4.91,4.01,8.25,7.83]
11,6,[1.39,7.66,9.32,2.58,8.07,5.37,2.04,9.06,7.49,6.33,3.93,2.79,7.09,3.93,8.01,3.94,1.88,7.64,8.83,4.38,2.99,5.24,5.36]
11,7,[9.01,2.3,9.35,5.09,4.49,2.23,7.48,6.69,9.78,2.82,2.14,7.23,1.54,2.23,8.66,5.13,2.54,4.09,8.98,6.43,8.11,6.74,6.5]
11,8,[2.53,9.73,8.7,1.78,8.71,5.4,9.96,6.32,8.53,3.51,7.57,7.63,3.22,3.95,6.22,9.03,6.33,2.34,6.16,1.05,9.82,1.36,5.24]
11,9,[7.92,1.3,5.78,5.31,8.18,8.39,5.07,3.16,6.03,1.11,7.59,9.55,2.19,3.66,6.83,1.82,5.32,3.74,7.33,8.72,7.73,1.22,5.09]
11,10,[7.95,8.87,4.65,8.11,4.33,5.18,6.7,8.74,1.64,9.04,4.0,1.29,4.83,3.43,9.51,5.88,8.15,8.09,1.73,8.93,7.62,1.49,9.51]
11,12,[7.07,8.99,2.0,4.29,6.57,4.29,2.58,6.03,1.6,7.38,2.84,9.83,3.15,2.02,5.31,9.45,6.22,9.63,2.89,7.71,3.03,4.17,3.41]
11,13,[7.12,3.49,1.57,4.11,5.38,5.74,2.1,7.39,7.1,5.8,3.63,6.59,8.2,9.51,8.28,9.47,1.59,9.03,5.12,1.72,9.08,3.6,9.61]
11,14,[1.98,3.48,7.27,5.47,8.87,5.69,6.65,3.64,9.73,5.87,2.19,4.12,4.99,6.8,3.62,1.57,8.85,3.09,9.53,6.8,4.71,4.09,6.81]
11,15,[3.94,6.34,7.27,8.58,5.01,3.74,2.19,8.1,2.55,3.34,5.36,9.74,7.93,1.43,4.18,5.1,2.5,9.32,7.41,3.57,9.76,8.55,7.24]
11,16,[7.0,2.38,3.14,1.37,3.85,2.14,3.34,2.66,6.06,1.31,3.85,4.09,4.36,5.86,2.46,3.71,9.28,4.64,5.49,2.31,5.12,3.88,1.04]
11,17,[7.65,9.78,3.98,7.35,5.27,3.61,9.5,9.83,6.16,2.32,6.09,9.16,4.98,7.2,7.58,9.1,2.25,5.96,3.77,4.61,8.57,5.01,1.83]
11,18,[1.5,6.77,6.25,3.0,9.42,3.5,1.2,5.85,5.01,7.04,1.79,5.61,2.75,3.86,6.45,9.49,9.18,4.25,2.33,8.68,4.33,4.36,3.56]
11,19,[4.16,9.8,8.87,1.79,7.55,5.0,9.93,8.23,3.6,8.25,9.73,4.81,9.07,2.26,6.28,1.77,2.87,5.27,8.81,9.88,1.6,9.64,7.81]
11,20,[1.8,4.69,9.23,4.73,6.0,7.39,7.8,2.23,2.67,4.44,5.98,1.38,8.44,8.51,3.74,6.03,5.17,1.24,1.02,3.36,9.6,8.51,5.25]
12,1,[6.88,9.03,4.75,5.43,7.19,3.2,2.07,3.49,9.95,1.6,7.71,6.23,6.09,8.82,6.65,5.28,7.25,2.08,5.61,6.18,8.61,2.47,1.53]
12,2,[3.88,8.9,2.22,2.47,3.45,4.78,9.21,4.2,3.61,5.77,9.43,5.62,7.9,2.65,1.85,7.77,5.89,8.85,8.44,7.16,3.71,7.17,7.2]
12,3,[1.86,6.22,8.41,1.12,5.66,4.36,5.36,4.06,9.2,1.92,2.39,2.99,2.7,9.07,6.52,8.48,5.73,5.79,5.96,7.81,2.03,5.14,1.69]
12,4,[8.37,9.31,5.32,3.8,4.26,8.35,9.01,6.38,7.87,4.08,7.39,1.26,8.33,3.0,8.71,2.28,3.04,2.13,2.17,1.71,7.22,8.06,1.7]
12,5,[7.97,7.82,1.38,1.97,8.14,5.62,1.53,2.07,3.28,1.6,7.01,7.79,8.04,9.28,2.85,9.11,2.66,4.16,1.82,8.61,9.48,9.54,4.13]
12,6,[2.45,5.51,7.56,3.18,6.13,1.89,6.2,1.13,2.95,2.72,3.54,9.11,5.83,9.76,1.89,2.93,5.54,7.37,4.3,6.3,4.96,9.62,2.63]
12,7,[4.19,4.42,2.93,3.05,2.02,9.86,2.11,1.99,2.22,7.86,7.34,6.01,1.37,3.95,2.04,3.55,6.4,3.81,9.79,5.0,5.99,3.62,8.7]
12,8,[2.7,1.63,8.57,5.28,7.11,2.61,9.99,5.42,1.95,4.94,6.93,1.77,2.29,4.61,6.32,1.92,9.33,9.8,1.58,9.78,4.05,6.35,9.92]
12,9,[2.1,8.54,7.53,3.51,7.42,6.24,3.46,8.11,6.79,4.6,5.28,6.43,4.64,5.36,3.51,7.91,1.97,3.26,5.48,6.66,2.21,1.9,1.48]
12,10,[1.61,7.1,9.75,4.44,7.11,2.37,6.6,1.87,1.69,7.76,7.91,8.13,2.82,6.96,5.41,3.35,4.09,8.74,5.92,9.57,1.28,4.87,9.23]
12,11,[4.45,3.83,4.39,5.14,1.3,6.01,8.74,3.73,7.35,5.42,2.21,7.44,5.39,1.98,7.08,6.94,7.17,6.15,5.28,8.69,5.56,4.52,5.45]
12,13,[9.74,6.55,4.17,9.8,3.88,1.25,1.41,8.53,4.14,7.68,1.24,9.02,4.07,1.88,4.11,4.22,4.16,6.95,3.23,6.83,6.33,9.19,1.59]
12,14,[3.74,4.04,1.18,3.94,5.15,8.77,6.11,9.11,3.4,7.26,6.29,9.87,4.4,4.51,6.15,8.27,1.9,7.08,4.02,5.52,7.88,4.06,6.53]
12,15,[4.27,4.92,5.47,8.63,8.08,8.56,5.82,3.59,1.43,9.97,4.62,3.03,7.69,1.83,8.6,1.85,4.03,1.61,8.21,5.28,2.89,8.16,6.86]
12,16,[3.72,8.24,4.9,5.86,2.8,4.62,6.62,5.08,7.87,2.63,1.17,7.33,8.76,6.19,2.92,9.66,7.68,5.21,9.43,5.79,6.53,7.92,4.9]
12,17,[6.1,6.64,5.7,4.28,2.33,2.35,7.17,3.7,4.92,3.87,8.47,1.58,2.83,4.71,8.41,6.81,3.31,6.41,4.65,2.02,2.73,3.21,8.45]
12,18,[5.18,6.04,4.93,6.82,1.33,2.43,2.23,3.33,8.23,6.93,2.58,8.67,9.67,5.37,1.18,8.74,1.76,6.41,8.8,9.11,4.66,4.27,6.92]
12,19,[1.81,9.49,7.52,2.27,2.01,7.61,9.4,5.7,8.46,9.55,9.38,3.27,8.96,3.14,2.1,8.26,3.96,6.26,4.51,7.74,3.12,4.81,2.3]
12,20,[2.58,9.73,4.96,3.29,6.31,5.41,4.37,9.54,3.85,4.81,7.14,9.67,8.91,9.43,4.27,7.44,8.39,1.19,9.7,6.45,8.57,6.96,9.47]
13,1,[7.22,8.1,3.16,5.97,3.78,9.63,4.27,8.31,2.1,8.8,8.72,4.5,9.19,4.54,9.8,3.3,1.81,8.4,3.12,2.89,9.01,9.24,6.68]
13,2,[8.92,7.9,4.66,1.3,8.8,8.41,9.46,5.24,4.72,8.57,7.46,8.89,8.38,8.42,7.29,5.56,4.17,6.42,8.32,7.64,5.08,1.25,1.47]
13,3,[6.77,6.67,8.12,2.22,4.61,6.65,3.82,1.74,2.42,5.65,9.73,8.48,7.87,8.62,7.17,8.13,3.87,5.31,7.62,3.35,7.19,8.44,8.2]
13,4,[2.79,4.73,2.64,8.89,9.5,8.96,3.02,9.53,9.31,6.82,6.64,9.16,9.77,2.78,7.31,2.52,4.61,4.86,3.34,1.8,4.31,9.53,2.06]
13,5,[7.47,4.92,9.28,5.08,7.06,2.07,7.42,2.71,8.76,8.04,3.59,5.45,2.17,8.71,6.4,9.96,3.55,7.09,4.76,4.68,2.31,3.61,3.36]
13,6,[6.56,9.17,4.33,7.16,5.12,1.09,2.2,3.91,7.24,7.18,7.42,7.38,7.62,3.31,1.86,1.53,4.0,3.11,9.17,9.97,9.45,9.7,6.38]
13,7,[7.73,1.41,3.28,6.58,3.72,4.55,4.34,9.71,6.04,6.22,3.34,5.53,9.37,8.9,2.19,3.86,5.77,2.28,2.05,1.4,2.15,8.85,8.51]
13,8,[7.73,9.34,3.55,8.89,6.52,7.85,3.37,3.82,9.03,3.84,9.95,7.87,2.36,8.68,6.92,8.18,1.48,2.34,3.07,1.32,3.34,7.35,4.93]
13,9,[9.96,9.34,1.37,4.21,7.38,5.37,5.44,8.61,8.8,2.11,1.84,8.81,2.63,2.51,5.58,3.46,9.02,6.27,6.25,9.74,5.73,6.14,4.75]
13,10,[1.69,7.91,7.09,8.99,1.23,7.13,7.13,4.55,6.31,9.56,8.53,2.38,1.73,8.48,6.94,5.09,9.6,6.35,1.05,9.73,6.91,9.56,3.92]
13,11,[7.58,7.61,9.62,6.12,2.9,1.44,6.79,3.91,1.5,1.64,9.57,4.43,4.59,2.6,9.69,8.79,1.8,8.67,2.47,8.02,3.56,7.77,6.89]
13,12,[2.09,5.42,4.89,8.26,3.79,7.16,2.18,6.99,8.49,5.61,5.41,8.97,5.29,6.07,4.81,7.81,8.3,6.52,4.91,4.83,1.36,4.08,5.17]
13,14,[3.02,7.18,2.4,5.46,6.67,5.72,3.62,4.94,9.16,5.3,2.34,2.15,9.13,8.57,5.71,3.66,1.43,1.69,1.41,1.97,4.82,1.85,6.95]
13,15,[6.12,3.28,3.29,1.74,5.53,2.03,6.95,2.62,2.64,4.54,1.75,8.89,3.68,6.28,5.09,7.03,6.61,3.39,9.7,8.84,2.68,2.67,7.72]
13,16,[6.44,8.84,1.96,5.81,1.05,2.05,2.55,5.29,7.23,8.82,9.69,6.42,5.38,6.57,9.77,4.25,7.06,7.21,4.55,3.72,2.13,1.12,2.01]
13,17,[1.14,9.73,8.73,2.88,6.84,6.85,4.92,6.63,8.11,2.72,3.71,5.17,5.27,1.2,2.49,2.37,7.32,9.67,5.24,8.74,6.27,2.81,6.12]
13,18,[8.5,1.46,1.07,6.67,7.42,9.82,8.64,7.63,6.36,5.99,3.62,5.39,5.37,6.32,6.5,7.11,8.35,5.39,7.43,5.75,4.8,3.84,1.57]
13,19,[9.04,4.75,5.26,5.45,9.45,4.12,7.28,1.19,3.59,2.73,4.09,3.09,2.98,9.18,4.05,6.42,8.58,6.91,2.18,3.64,7.4,9.64,8.5]
13,20,[7.06,7.61,8.16,8.2,8.6,6.6,3.54,7.74,7.0,2.16,2.8,6.45,1.91,4.74,9.94,3.73,2.88,1.42,1.16,8.93,4.21,2.43,8.45]
14,1,[9.05,1.29,1.57,4.88,6.56,2.09,3.02,3.32,4.06,4.2,1.42,8.9,3.41,2.36,7.21,5.64,7.03,7.36,9.34,4.94,5.11,8.57,2.0]
14,2,[1.95,6.5,8.04,9.53,8.41,1.38,1.95,6.67,8.84,9.2,2.41,3.63,4.97,5.55,7.59,1.89,6.82,4.01,2.24,8.64,4.95,4.74,7.92]
14,3,[3.21,8.28,4.07,5.55,1.77,4.35,7.79,4.25,6.98,2.36,7.78,4.8,3.05,8.22,4.72,4.68,5.13,8.67,8.15,4.26,1.27,2.31,1.09]
14,4,[8.26,9.49,1.76,3.83,9.84,2.48,1.55,7.83,6.94,6.77,9.12,1.52,6.68,7.42,6.94,5.68,3.66,4.62,7.13,5.98,3.74,7.68,9.18]
14,5,[1.07,3.52,5.75,9.28,7.3,5.02,2.85,5.9,8.1,6.87,7.28,8.99,8.03,4.64,2.78,3.71,1.33,4.01,7.53,7.66,2.13,9.93,3.56]
14,6,[1.84,5.97,5.69,7.81,2.44,1.25,8.17,6.33,3.17,7.97,7.54,9.88,1.99,1.54,4.36,6.64,4.19,1.43,6.86,2.12,3.68,7.63,5.08]
14,7,[9.85,8.25,9.9,6.09,9.05,6.65,5.8,6.36,4.15,3.56,8.06,7.43,7.05,7.43,5.68,3.23,3.95,6.24,8.41,4.25,1.88,7.4,8.46]
14,8,[1.74,1.56,9.0,5.29,5.02,4.32,5.74,6.29,5.67,4.55,3.37,5.49,4.81,4.96,9.38,5.41,9.76,8.41,2.3,2.14,7.4,2.16,7.34]
14,9,[8.77,2.06,2.91,5.26,7.72,9.5,4.32,9.57,6.41,4.68,2.09,6.15,1.36,2.38,4.34,9.92,3.73,5.37,8.12,2.28,6.31,1.44,9.05]
14,10,[9.0,2.94,8.37,5.4,2.1,4.14,8.83,4.76,6.16,6.09,9.1,8.03,5.28,7.48,6.45,7.86,5.54,5.15,5.05,5.04,8.8,3.93,8.2]
14,11,[6.98,4.69,3.1,4.56,5.87,9.62,9.01,7.62,6.81,8.79,7.36,6.15,8.17,7.37,6.05,2.11,6.03,2.73,6.57,6.19,1.48,6.13,2.7]
14,12,[5.28,9.07,2.08,9.43,2.62,1.17,8.08,3.21,7.35,8.99,5.0,8.26,6.46,4.62,1.4,8.76,1.21,4.93,4.73,8.74,3.86,3.31,2.03]
14,13,[1.89,2.51,2.3,3.3,1.81,3.76,4.67,2.52,6.53,3.93,1.24,1.53,4.51,3.88,4.72,3.92,4.38,8.45,2.09,2.82,7.77,6.27,5.44]
14,15,[7.77,4.47,2.04,1.55,5.18,4.66,5.36,4.67,3.1,8.98,3.42,9.67,7.08,3.22,5.99,8.07,3.74,4.66,1.76,6.72,2.83,9.71,4.36]
14,16,[9.87,8.04,5.84,4.81,9.2,5.07,1.01,5.18,8.46,3.6,9.75,1.0,9.4,5.34,6.38,8.56,4.42,4.16,6.69,6.27,5.59,1.41,7.65]
14,17,[6.07,3.71,4.56,2.11,2.26,6.01,3.52,4.89,6.49,9.62,3.86,7.14,4.08,3.35,7.77,5.07,3.21,9.85,4.07,5.14,6.4,1.14,7.23]
14,18,[6.82,1.02,5.29,9.11,7.05,4.72,9.06,7.33,7.86,5.84,8.09,6.84,1.7,1.28,8.49,7.04,7.05,4.18,8.32,8.45,4.22,2.59,7.91]
14,19,[7.27,1.08,5.16,9.43,5.0,2.99,1.18,3.53,9.29,4.22,1.81,6.52,3.73,7.46,3.11,5.44,4.27,3.53,9.14,7.36,2.88,2.76,8.39]
14,20,[4.56,8.83,6.12,5.45,5.97,6.94,6.09,7.14,6.09,1.59,2.15,1.59,3.34,6.13,3.05,5.71,8.04,2.73,7.1,9.93,7.24,5.8,3.28]
15,1,[6.04,5.09,9.44,6.77,9.49,1.47,9.45,4.89,9.96,3.47,7.12,5.2,4.25,7.83,8.95,3.02,3.5,4.78,5.04,1.05,2.75,1.74,6.15]
15,2,[1.23,7.64,9.8,4.81,1.67,3.25,2.48,3.8,6.63,1.87,5.32,8.27,6.33,6.64,4.01,3.25,1.97,3.15,4.07,1.49,4.0,8.15,9.49]
15,3,[7.98,6.58,7.88,6.63,6.21,1.77,1.55,1.3,3.82,8.63,1.59,2.15,9.27,4.98,3.71,6.64,1.59,7.1,6.03,3.65,4.43,1.86,7.77]
15,4,[3.1,6.4,6.94,1.1,4.46,8.16,8.92,6.57,4.06,9.44,8.05,5.09,3.95,2.73,1.92,6.36,1.61,8.1,2.74,6.16,6.74,3.31,4.79]
15,5,[7.52,5.0,3.19,8.17,1.54,3.81,4.92,9.64,7.79,3.8,8.97,7.98,2.33,3.78,4.09,4.32,1.07,6.28,7.1,1.52,5.56,8.52,8.73]
15,6,[4.8,2.76,2.8,9.18,8.07,4.07,7.01,7.25,9.84,6.4,3.98,6.21,9.67,6.54,4.77,2.46,5.09,8.1,1.38,2.97,1.03,3.01,3.07]
15,7,[6.62,3.15,7.61,9.57,3.98,7.66,2.85,2.66,9.91,4.27,1.66,1.27,2.04,3.62,2.75,6.27,7.89,1.4,1.27,2.78,2.57,8.97,7.47]
15,8,[4.06,5.99,2.61,1.19,8.59,9.2,1.19,7.1,4.41,8.09,2.0,9.43,3.75,3.16,8.29,6.95,9.47,9.79,9.98,8.93,8.91,1.59,2.3]
15,9,[9.32,8.15,2.73,4.4,4.37,6.4,9.79,3.2,1.42,6.54,2.7,5.82,8.11,3.95,1.48,8.16,8.86,8.66,9.72,8.97,2.88,1.73,5.24]
15,10,[6.97,1.58,5.58,7.76,6.81,5.58,5.49,5.18,3.9,4.36,7.25,7.44,5.45,3.42,4.61,9.29,6.26,1.33,2.98,2.83,8.77,4.56,3.75]
15,11,[9.0,6.14,9.42,4.37,5.95,2.21,1.76,5.0,4.16,6.26,5.19,6.59,4.83,5.21,4.68,8.24,3.85,4.44,2.62,3.1,6.81,4.23,1.74]
15,12,[8.58,5.62,6.79,8.07,9.34,1.89,1.64,1.34,2.8,2.77,3.96,3.72,8.34,7.15,3.47,7.35,9.98,9.99,7.77,7.66,9.21,1.08,3.7]
15,13,[8.4,8.05,4.63,4.65,6.22,6.9,5.25,5.61,7.85,2.34,4.58,3.04,7.74,5.27,5.64,8.07,7.82,7.5,5.15,8.13,3.82,2.69,7.93]
15,14,[7.28,2.89,5.05,6.03,4.37,6.2,2.16,9.49,1.09,8.29,8.51,4.06,4.77,7.17,4.63,8.01,5.84,3.93,1.21,8.07,9.3,2.38,9.57]
15,16,[3.97,6.67,6.43,6.47,8.8,9.82,2.84,4.52,5.81,2.7,1.98,6.13,5.06,9.05,1.84,1.94,5.98,1.29,7.2,5.4,2.68,1.63,9.67]
15,17,[3.55,3.1,6.94,1.63,1.52,5.67,2.55,8.74,4.7,2.41,2.0,5.83,5.3,1.62,9.6,8.79,2.17,2.85,4.89,7.39,5.27,6.43,9.45]
15,18,[6.29,5.52,7.16,3.48,1.07,2.28,1.58,4.59,8.27,5.73,9.19,8.91,5.14,6.19,7.64,3.59,8.93,5.11,7.3,7.4,3.68,6.52,8.29]
15,19,[2.58,3.24,9.1,7.6,5.12,9.2,2.65,6.12,4.54,9.51,3.16,8.83,3.46,6.65,3.63,9.25,7.28,7.5,2.96,5.44,9.93,5.98,9.96]
15,20,[1.69,1.95,7.9,3.93,5.06,3.27,5.55,5.16,1.66,7.25,7.75,4.43,7.71,8.7,4.57,1.1,2.03,9.25,3.94,7.74,5.36,1.61,5.94]
16,1,[3.18,9.55,2.26,8.38,8.57,2.54,1.16,1.9,3.65,5.81,4.52,1.7,7.87,7.1,2.38,4.22,2.95,1.31,7.08,2.95,7.27,8.53,8.3]
16,2,[6.77,7.45,9.07,4.52,3.77,1.47,1.04,7.95,7.9,9.36,4.37,3.15,1.82,4.8,9.9,4.03,2.73,7.02,2.99,8.94,8.17,8.47,2.51]
16,3,[2.5,4.74,1.97,3.94,6.06,2.71,2.86,5.88,9.45,2.09,2.92,4.21,2.56,4.62,3.85,4.5,5.13,1.59,8.34,6.85,4.32,1.61,2.97]
16,4,[3.71,6.39,9.85,1.92,5.83,9.91,8.65,2.54,9.63,6.4,9.83,7.27,7.1,9.75,7.24,3.99,6.72,8.96,3.86,8.66,5.34,4.02,6.48]
16,5,[6.27,4.44,6.77,3.09,6.29,9.9,3.09,6.55,9.07,3.78,7.64,7.82,6.58,1.54,4.37,3.67,2.37,2.84,1.34,9.31,6.38,9.51,7.65]
16,6,[3.96,3.5,6.79,7.84,5.69,9.8,6.83,3.6,1.21,8.62,3.98,3.18,5.85,9.16,6.99,3.24,7.19,7.48,6.47,4.43,3.89,4.98,1.05]
16,7,[8.83,1.63,2.73,6.71,2.27,2.84,1.83,6.33,8.48,9.39,3.13,1.7,7.52,3.8,7.5,3.2,2.59,3.24,3.57,5.03,6.72,3.45,8.03]
16,8,[1.72,9.75,4.58,2.51,4.97,5.55,7.61,7.84,8.38,8.14,1.18,4.43,8.69,7.83,9.29,6.36,2.38,7.54,3.32,5.17,5.08,4.38,6.45]
16,9,[1.65,2.23,5.22,2.39,2.71,1.12,5.51,7.53,5.42,9.33,9.46,9.73,4.36,5.41,6.77,6.29,4.68,1.35,9.29,4.46,6.09,2.75,4.93]
16,10,[3.3,9.22,7.5,5.59,5.4,7.2,7.27,6.86,9.34,7.62,3.18,1.31,8.32,6.68,7.09,7.28,6.81,3.35,5.1,7.13,3.29,6.42,9.57]
16,11,[8.57,1.11,7.94,6.8,9.25,4.58,6.28,9.11,5.67,2.7,4.81,8.47,3.28,3.72,9.71,6.93,4.45,3.77,4.7,8.89,7.55,1.8,6.73]
16,12,[7.99,4.1,2.28,7.74,9.37,4.58,3.77,9.88,8.35,1.01,1.63,7.27,5.72,6.89,7.6,2.54,4.37,7.34,2.78,2.64,9.54,5.06,8.33]
16,13,[2.67,1.53,2.64,7.83,3.33,9.12,4.68,6.64,6.62,8.82,2.5,3.64,4.4,3.49,4.08,6.27,5.3,7.06,1.91,1.55,7.77,1.07,6.24]
16,14,[9.89,1.87,5.7,1.07,6.43,9.88,7.85,9.39,5.26,4.03,4.87,4.34,9.01,10.0,8.35,9.47,6.99,4.41,1.52,4.2,3.97,1.9,5.11]
16,15,[7.28,7.53,8.99,2.25,6.42,8.82,3.52,7.29,8.34,4.32,6.57,6.93,5.28,4.72,2.69,9.88,9.62,8.31,1.15,4.24,1.41,8.27,3.93]
16,17,[5.0,6.46,4.6,6.51,1.73,4.85,9.38,9.38,9.88,8.71,9.15,7.61,3.64,2.76,2.29,5.68,6.15,8.71,5.54,2.15,8.17,3.71,7.06]
16,18,[5.94,8.87,2.51,5.02,2.04,6.96,3.17,2.9,7.78,6.94,1.8,4.91,7.44,2.44,9.36,9.12,7.9,2.98,3.32,5.29,9.08,2.11,2.22]
16,19,[5.81,7.53,1.81,7.23,8.85,9.39,7.9,6.41,6.8,4.39,7.46,7.62,4.43,6.78,6.06,8.71,8.28,3.01,2.04,1.79,1.8,7.67,9.43]
16,20,[7.7,2.04,4.31,8.68,9.59,6.19,1.02,1.56,5.82,8.62,9.82,3.88,4.29,7.11,8.17,5.68,6.41,3.0,4.56,5.84,5.15,2.3,9.49]
17,1,[8.53,5.5,5.1,6.41,2.31,6.99,8.21,7.33,6.39,3.78,9.91,2.11,9.97,7.36,5.3,8.46,5.46,7.34,4.39,9.83,4.0,8.45,2.9]
17,2,[7.59,8.29,7.3,1.47,8.79,2.61,5.39,4.53,9.86,6.93,8.64,9.92,5.93,4.04,7.1,9.91,7.82,4.52,5.75,3.55,7.27,2.76,8.71]
17,3,[4.54,2.18,7.77,6.22,8.25,8.65,7.39,5.12,2.47,2.24,7.26,3.62,2.3,2.96,7.74,7.62,1.08,7.53,6.18,7.1,9.9,2.33,9.55]
17,4,[4.84,8.57,9.33,1.86,9.77,2.62,1.47,9.82,6.85,6.34,9.73,6.64,4.64,1.31,3.17,5.4,7.19,9.59,6.88,4.38,7.23,8.16,6.93]
17,5,[8.0,8.78,6.85,3.48,6.88,4.31,2.08,1.74,5.4,7.02,5.59,1.21,6.16,6.15,3.46,7.71,8.15,2.63,5.36,6.8,4.9,6.14,1.89]
17,6,[1.57,9.18,8.16,2.66,8.32,1.18,6.0,5.83,8.31,5.4,5.67,6.26,7.42,8.11,2.12,7.78,9.69,9.08,2.63,6.39,2.62,5.99,8.2]
17,7,[2.11,2.16,2.86,2.45,6.06,8.66,1.32,9.82,5.56,4.27,5.9,4.81,9.51,1.0,3.71,9.52,5.67,8.05,6.93,5.0,6.19,7.26,5.7]
17,8,[9.87,4.17,5.84,2.89,1.89,8.38,3.13,2.69,3.7,8.49,9.62,6.42,2.94,4.23,2.16,6.6,1.67,3.29,4.44,9.13,4.6,1.75,3.29]
17,9,[4.83,7.25,5.82,1.64,7.59,9.96,7.27,2.73,4.35,6.92,8.38,6.44,4.78,2.38,9.93,4.9,1.23,6.43,1.7,2.12,1.99,5.94,1.59]
17,10,[6.76,4.27,4.0,3.46,8.82,3.03,1.09,4.39,9.72,4.41,1.95,9.33,2.58,7.55,3.76,8.39,5.41,5.76,7.3,8.79,5.96,6.47,9.07]
17,11,[2.54,9.52,4.51,4.11,7.67,9.71,5.79,6.35,8.65,5.29,2.15,1.09,5.62,2.4,2.14,4.41,7.62,1.48,7.53,9.77,7.37,3.24,6.48]
17,12,[7.36,2.65,9.88,8.19,5.52,3.48,4.85,9.48,8.93,8.33,3.75,8.72,9.53,4.66,3.81,1.81,1.72,7.57,9.5,2.49,1.52,7.69,5.99]
17,13,[5.44,8.87,9.66,4.82,5.58,7.58,5.32,5.64,9.98,8.99,7.28,4.65,6.55,9.2,7.71,7.43,7.32,7.75,3.2,7.65,9.56,8.41,8.92]
17,14,[5.75,6.48,6.47,9.68,7.07,8.94,5.71,3.03,1.68,8.55,5.62,9.57,4.8,4.41,4.36,2.02,9.23,3.25,5.85,7.9,2.06,3.69,3.64]
17,15,[2.92,7.64,6.12,2.96,3.74,9.4,6.79,8.43,1.32,5.17,6.56,5.39,4.2,6.54,3.96,4.19,1.05,9.01,2.68,4.19,1.91,5.43,1.76]
17,16,[5.63,2.38,2.11,5.39,2.4,6.91,3.03,4.56,3.69,4.86,2.64,8.3,1.98,4.95,8.55,2.46,4.18,4.91,4.23,8.83,2.79,2.71,1.36]
17,18,[4.55,7.7,9.11,2.44,2.79,5.31,6.99,3.39,4.79,5.95,8.2,7.43,3.92,7.88,8.94,5.52,9.31,8.59,4.5,1.99,1.97,1.19,2.4]
17,19,[5.5,7.91,3.13,7.1,4.08,9.79,7.64,4.91,3.61,5.37,7.85,3.23,2.37,5.6,3.25,7.9,8.78,9.95,3.23,8.39,2.79,7.36,8.29]
17,20,[7.31,5.52,2.63,9.93,6.32,6.71,3.06,2.19,1.35,9.91,9.36,4.84,6.55,1.82,1.46,4.67,3.76,6.7,3.08,4.03,5.31,5.59,6.79]
18,1,[3.74,3.42,3.53,4.16,4.76,3.88,1.43,1.37,1.47,7.7,2.91,5.25,9.18,1.91,2.66,9.53,4.27,3.74,1.87,1.12,5.97,8.76,3.98]
18,2,[7.67,4.25,8.01,5.76,4.34,6.85,2.89,4.46,8.98,2.17,7.68,2.08,6.28,9.21,6.89,2.71,7.34,9.33,1.67,5.92,4.09,7.53,9.91]
18,3,[2.82,7.49,1.39,2.73,5.95,3.27,8.89,8.68,9.16,9.78,9.05,5.04,7.46,9.2,1.61,4.77,9.38,5.53,1.2,6.39,7.27,2.16,1.41]
18,4,[6.1,8.15,7.24,7.67,4.58,7.16,8.83,9.74,2.49,7.76,4.46,8.01,4.61,3.44,2.66,2.44,2.96,7.27,8.91,8.12,5.1,7.37,5.73]
18,5,[3.73,2.98,7.37,5.97,2.54,1.41,3.14,1.35,2.33,8.95,9.35,3.43,8.12,6.78,3.24,8.41,5.81,1.01,4.13,6.45,4.32,1.75,7.35]
18,6,[5.94,7.5,4.68,6.5,3.92,1.52,8.34,8.42,2.97,9.69,2.59,9.74,5.84,9.81,8.0,8.02,1.96,7.71,4.44,6.88,8.83,6.71,5.96]
18,7,[8.35,2.99,3.42,6.23,8.27,7.78,2.4,3.09,7.54,4.32,9.12,1.84,2.63,2.67,8.76,2.7,5.41,7.57,6.83,1.19,2.47,2.6,4.55]
18,8,[6.47,1.63,1.65,3.21,9.18,9.73,1.9,5.74,7.54,8.27,6.43,4.4,1.19,8.44,7.87,6.8,1.39,3.24,1.75,2.28,6.65,1.12,9.7]
18,9,[9.62,1.96,7.63,4.05,7.37,2.82,5.32,6.07,5.0,2.47,3.99,2.39,1.5,7.23,6.65,2.11,8.42,1.93,3.67,5.6,8.53,2.28,9.21]
18,10,[1.22,4.84,2.33,6.9,3.03,8.91,4.46,8.96,8.41,2.01,2.53,1.99,1.92,9.6,4.22,6.54,2.07,9.31,9.28,9.06,6.44,2.6,5.77]
18,11,[6.4,7.11,2.35,7.01,3.71,8.36,4.14,1.94,9.25,6.96,9.4,8.3,7.4,1.69,1.02,9.4,2.34,6.9,3.88,4.52,7.49,8.07,5.31]
18,12,[1.61,6.2,9.64,3.51,1.81,9.95,2.64,4.47,3.87,4.81,7.24,4.73,8.14,4.0,8.22,6.89,3.21,4.77,5.47,5.8,5.79,8.39,4.46]
18,13,[6.23,4.8,6.2,7.24,7.73,7.33,3.12,1.03,9.95,1.15,6.03,9.62,9.29,1.54,4.14,8.64,8.8,8.37,3.65,2.3,8.68,9.75,9.22]
18,14,[3.18,8.45,1.5,2.24,9.66,7.34,4.4,1.24,9.68,4.35,7.31,6.96,1.66,8.54,8.83,1.27,4.29,1.71,1.69,6.12,8.32,2.35,2.64]
18,15,[7.69,7.73,7.29,3.7,4.7,4.04,8.03,7.26,3.58,2.4,8.93,1.29,7.76,5.53,1.1,8.49,7.12,8.88,5.99,8.47,9.27,5.52,7.38]
18,16,[4.81,2.41,9.76,5.69,9.8,2.13,2.91,6.57,2.97,2.65,7.71,6.03,8.58,8.35,5.22,3.82,6.78,8.45,2.48,8.23,6.82,2.75,1.98]
18,17,[1.7,6.43,8.62,1.25,3.54,5.87,1.59,6.37,7.81,3.78,5.97,6.75,1.29,3.42,9.79,6.08,6.07,8.11,1.41,3.83,9.49,1.08,4.21]
18,19,[3.54,4.58,2.75,7.77,7.53,9.76,7.32,1.88,4.67,7.67,1.91,8.27,2.35,6.28,4.44,6.28,8.67,3.61,2.36,5.17,8.97,1.84,7.47]
18,20,[8.96,8.27,6.89,7.92,2.45,9.67,5.65,7.56,6.86,9.37,4.07,8.07,4.05,4.24,8.7,4.88,9.02,7.97,4.49,2.88,6.49,1.67,2.37]
19,1,[6.65,5.48,8.24,2.28,8.83,5.92,9.72,8.03,1.78,1.85,3.82,9.41,2.45,3.52,4.27,1.8,2.61,7.95,3.32,5.26,3.3,8.89,6.85]
19,2,[2.26,2.12,6.12,1.36,8.73,4.61,8.71,9.25,2.16,4.3,8.6,9.57,4.36,7.14,5.55,3.37,8.88,7.14,6.59,6.79,7.67,3.2,8.39]
19,3,[1.07,8.68,3.62,2.42,4.59,1.66,4.49,5.16,1.84,5.19,6.78,9.1,5.18,1.77,7.59,9.26,9.3,7.91,2.8,3.96,3.86,9.97,5.38]
19,4,[7.32,5.29,3.51,1.34,2.4,5.23,6.76,3.88,1.28,6.41,4.42,9.43,4.25,4.87,5.26,1.49,8.81,9.57,7.15,3.43,6.72,1.75,1.62]
19,5,[4.65,3.69,7.41,8.84,5.72,7.03,3.34,8.47,1.83,9.11,4.08,7.78,2.48,4.14,4.77,5.28,7.2,2.45,7.27,4.19,7.24,4.5,1.09]
19,6,[8.05,6.37,1.7,7.01,6.55,3.91,9.88,9.45,7.69,7.63,3.85,2.35,5.13,2.33,8.78,2.02,9.73,4.66,5.69,1.03,5.06,8.49,2.13]
19,7,[5.04,9.73,1.88,2.97,9.81,4.78,5.91,2.49,4.4,4.13,9.57,9.75,6.19,1.13,8.32,1.15,9.07,5.52,8.81,7.29,6.84,5.1,4.69]
19,8,[4.17,5.88,5.71,7.89,2.02,2.58,4.86,2.59,6.35,5.88,4.43,8.61,7.2,4.94,3.55,6.58,9.33,8.71,9.96,8.25,1.93,6.85,6.55]
19,9,[4.7,5.47,7.77,9.35,1.9,5.0,6.23,1.29,3.61,4.79,3.01,5.09,4.43,2.76,5.23,2.12,9.71,9.23,4.72,8.38,7.33,7.67,1.07]
19,10,[4.37,3.02,3.55,8.92,3.38,8.55,8.16,4.73,3.17,9.1,4.73,1.14,2.38,4.37,8.35,8.38,6.4,4.02,9.63,9.94,3.18,9.76,2.73]
19,11,[6.8,8.46,8.21,6.2,2.16,6.73,9.8,2.56,9.14,5.66,4.94,1.9,8.21,5.54,6.68,8.06,8.59,6.65,3.34,5.98,9.54,2.83,1.84]
19,12,[4.94,6.66,6.34,1.25,7.37,9.29,1.71,4.44,7.68,2.17,5.08,6.68,4.22,3.16,9.08,3.67,5.82,3.21,8.02,8.07,7.93,6.93,3.47]
19,13,[9.41,6.65,6.75,6.21,1.93,5.13,6.36,1.96,3.54,9.05,1.83,5.45,4.25,8.54,4.52,5.42,1.2,1.66,9.63,1.69,7.19,4.38,3.82]
19,14,[9.17,8.28,2.62,1.09,2.61,6.11,6.46,1.28,9.78,9.94,5.36,6.53,5.92,2.43,7.68,9.34,2.74,1.27,1.21,5.61,2.37,8.8,2.03]
19,15,[2.95,3.95,2.98,7.55,9.46,3.41,5.33,9.58,4.14,5.96,3.65,7.71,5.46,5.61,4.6,2.74,2.56,7.18,8.99,3.53,4.54,6.25,7.9]
19,16,[3.8,8.15,9.58,5.39,8.95,4.81,7.72,8.34,6.61,6.47,4.86,6.1,4.37,6.69,1.58,2.51,1.3,5.6,6.28,3.64,8.44,6.81,9.69]
19,17,[4.17,1.27,2.62,3.9,8.12,4.22,1.65,6.91,4.35,8.02,2.1,3.87,1.1,3.96,5.19,8.16,9.09,6.05,4.47,6.42,5.75,1.93,3.5]
19,18,[6.47,8.95,8.74,1.67,9.03,4.8,7.81,3.86,3.88,2.77,8.22,5.49,9.91,4.79,2.12,2.54,3.94,4.45,6.19,3.57,6.79,8.7,9.89]
19,20,[9.2,3.56,8.57,4.63,9.06,9.26,1.35,6.8,1.63,1.86,8.22,7.51,3.47,7.78,4.6,6.01,3.82,6.51,4.54,7.27,5.09,8.64,9.7]
20,1,[2.09,4.37,6.56,1.26,1.43,1.09,1.95,3.91,7.19,4.92,2.53,2.72,9.12,4.32,9.13,9.91,9.41,8.81,3.34,8.06,2.0,9.52,1.68]
20,2,[3.96,6.51,8.31,3.43,2.53,2.24,5.15,2.14,8.76,7.78,8.99,9.69,4.72,5.02,2.1,5.75,6.2,6.95,9.79,3.9,7.58,3.03,3.37]
20,3,[3.67,1.75,6.03,8.86,6.94,7.62,2.85,1.7,9.75,1.54,1.12,2.95,8.37,2.69,1.94,2.88,6.31,5.75,8.73,7.84,3.81,5.09,2.39]
20,4,[5.54,9.23,2.97,4.27,9.78,8.81,5.62,8.02,2.69,3.5,2.48,3.76,8.83,6.84,2.33,8.89,7.71,3.17,9.05,2.68,1.26,6.96,5.07]
20,5,[3.39,9.34,1.76,4.88,2.36,5.52,5.57,1.48,3.45,1.88,6.84,7.59,4.8,3.65,4.62,6.35,5.77,5.44,4.9,7.13,6.82,9.63,2.98]
20,6,[1.48,1.32,3.4,1.59,1.91,3.04,6.58,7.44,4.53,1.91,7.61,8.92,3.41,2.85,8.07,4.13,3.59,6.37,7.6,1.85,5.53,7.3,5.29]
20,7,[3.75,9.16,3.15,3.84,1.63,2.69,9.1,2.28,1.11,5.27,4.01,2.6,3.37,1.69,7.11,8.68,6.35,9.73,6.25,5.39,3.23,1.98,8.37]
20,8,[6.11,9.91,8.52,5.73,2.51,2.32,1.85,3.74,7.63,5.07,7.61,9.91,3.32,5.38,4.28,1.12,4.17,7.39,9.02,7.97,8.71,9.12,6.36]
20,9,[2.01,7.17,7.55,1.19,9.81,8.71,6.93,2.27,5.48,3.2,7.67,9.76,4.23,7.7,2.74,9.59,6.75,9.69,8.89,7.11,9.09,5.04,9.62]
20,10,[5.74,3.39,7.11,8.99,4.52,4.76,9.95,3.78,1.37,5.68,4.09,6.51,4.9,5.1,9.71,8.13,3.6,9.73,5.49,7.17,5.2,2.35,9.7]
20,11,[6.61,6.98,3.73,3.59,8.2,1.14,1.37,3.55,6.34,1.48,3.75,4.87,6.94,1.01,3.26,4.15,3.55,8.73,6.99,7.92,2.4,1.77,3.44]
20,12,[9.96,2.77,6.27,1.73,2.97,5.26,4.19,8.31,6.73,4.8,9.7,1.88,3.35,3.72,3.8,6.08,7.11,3.9,6.2,7.15,2.8,2.22,5.99]
20,13,[3.71,1.77,6.1,6.65,5.91,4.38,8.88,4.93,2.25,4.98,3.82,9.41,7.41,5.22,4.85,4.78,4.69,1.25,6.03,9.62,4.79,7.8,6.54]
20,14,[3.72,3.18,5.61,2.15,5.89,6.09,3.64,7.8,4.53,4.63,1.05,8.27,8.87,5.14,1.49,1.49,8.47,6.85,4.0,1.88,3.62,5.33,3.98]
20,15,[1.55,7.66,7.07,7.65,1.48,2.85,2.3,7.66,5.46,3.01,7.08,8.67,3.71,3.8,9.9,1.06,5.36,7.19,2.03,1.0,6.43,2.09,1.87]
20,16,[2.84,5.26,8.49,4.99,1.5,2.1,4.64,9.84,8.38,8.58,5.92,8.4,7.13,8.73,6.55,4.89,6.73,2.66,8.37,6.92,2.54,7.67,5.92]
20,17,[5.29,3.61,7.01,9.63,5.44,7.01,4.52,7.28,1.97,4.75,4.82,1.25,5.11,6.08,1.1,3.72,6.81,9.04,6.58,1.38,9.16,9.67,5.21]
20,18,[7.51,3.49,9.84,4.22,8.7,5.53,4.14,7.36,4.52,1.56,6.9,4.17,7.47,4.05,7.44,8.08,3.51,7.86,3.73,4.55,9.25,6.81,4.39]
20,19,[5.25,6.93,6.18,9.35,7.98,5.73,2.16,3.92,9.6,4.13,6.56,4.63,1.4,8.67,2.43,1.87,1.96,9.41,5.29,7.84,9.83,8.28,7.59]
